📊 Confusion Matrix

[[ 15   0   2   0   2   0   0   0   0   1   0   0   0   0   0   0   0]
 [  0 237   0   0   1   0   0   0   0   0   0   0   0   0   0   0   0]
 [  1   0  68   0  30   0   0   0   1   0   0   0   0   0   0   0   2]
 [  0   0   0 232   0   0   0   0   0   0   0   0   0   0   0   0   0]
 [  1   1  22   0 171   0   0   0   2   0   0   0   0   0   0   0   0]
 [  0   0   3   0   4   7   0   0   0   1   0   0   1   2   1   1   0]
 [  0   0   0   0   0   0 190   0  10   0   0   0   0   0   0   0   0]
 [  0   0   0   0   0   0   1  18  11   0   0   0   0   0   0   0   0]
 [  0   0   0   0   0   0   3   0 197   0   0   0   0   0   0   0   0]
 [  0   1   0   1   2   2   0   0   0   0   0   0   0   0   2  11   1]
 [  0   0   0   0   0   0   0   0   0   0  21  77  24   0   0   0   0]
 [  0   0   0   0   0   0   0   0   0   0   0 255  42   0   0   0   0]
 [  0   0   0   0   0   0   0   0   0   0   0 148  47   0   0   0   0]
 [  0   0   0   0   0   0   0   0   0   0   0   0   4 190   0   6   0]
 [  0   0   0   0   1   0   0   0   1   0   0   0   0   0 177   0   1]
 [  1   0   1   0   0   0   0   0   0   0   0   0   0   0   0 214   7]
 [  0   0   0   1   0   0   0   0   0   0   0   0   0   0  14   6 163]]